10 21 75 86 23 8 9 7 6 
12 23 34 5 6 7 8 98 54 
25 47 89 32 14 56 78 9 
76 86 45 32 4 5 6 7 88
98 65 34 12 67 89 87 6 
21 34 56 78 98 54 22 2
10 21 75 86 23 8 9 7 6 
12 23 34 5 6 7 8 98 54 
25 47 89 32 14 56 78 9 
76 86 45 32 4 5 6 7 88
98 65 34 12 67 89 87 6 
21 34 56 78 98 54 22 2
10 21 75 86 23 8 9 7 6 
12 23 34 5 6 7 8 98 54 
25 47 89 32 14 56 78 9 
76 86 45 32 4 5 6 7 88
98 65 34 12 67 89 87 6 
21 34 56 78 98 54 22 2
10 21 75 86 23 8 9 7 6 
12 23 34 5 6 7 8 98 54 
25 47 89 32 14 56 78 9 
76 86 45 32 4 5 6 7 88
98 65 34 12 67 89 87 6 
21 34 56 78 98 54 22 2
10 21 75 86 23 8 9 7 6 
12 23 34 5 6 7 8 98 54 
25 47 89 32 14 56 78 9 
76 86 45 32 4 5 6 7 88
98 65 34 12 67 89 87 6 
21 34 56 78 98 54 22 2